transitive matrix
0 0.5 0 0 0 0 
1 0 0 0 0.5 0 
0 0 0 0 0 0 
0 0 0 0 0 0 
0 0.5 0 0 0 1 
0 0 0 0 0.5 0 
Joint_pred: at time 1
0.125
0.375
0
0
0.375
0.125

Observation matrix: 
0.0729 0 0 0 0 0 
0 0.0081 0 0 0 0 
0 0 0.0081 0 0 0 
0 0 0 0.0081 0 0 
0 0 0 0 0.0081 0 
0 0 0 0 0 0.0729 

Joint estimation 
0.0091125
0.0030375
0
0
0.0030375
0.0091125

Estimation prob 
0.375
0.125
0
0
0.125
0.375

0.375000000000 0 5 
Joint_pred: at time 2
0.001518750000
0.010631250000
0.000000000000
0.000000000000
0.010631250000
0.001518750000

Observation matrix: 
0.008100000000 0.000000000000 0.000000000000 0.000000000000 0.000000000000 0.000000000000 
0.000000000000 0.072900000000 0.000000000000 0.000000000000 0.000000000000 0.000000000000 
0.000000000000 0.000000000000 0.072900000000 0.000000000000 0.000000000000 0.000000000000 
0.000000000000 0.000000000000 0.000000000000 0.072900000000 0.000000000000 0.000000000000 
0.000000000000 0.000000000000 0.000000000000 0.000000000000 0.000900000000 0.000000000000 
0.000000000000 0.000000000000 0.000000000000 0.000000000000 0.000000000000 0.656100000000 

Joint estimation 
0.000012301875
0.000775018125
0.000000000000
0.000000000000
0.000009568125
0.000996451875

Estimation prob 
0.006859756098
0.432164634146
0.000000000000
0.000000000000
0.005335365854
0.555640243902

0.555640243902 5 
